ASHARP2:1.6718367346938776,
GSHARP3:0.046439909297052155,
E2:0.37151927437641724,
F2:0.3947392290249433,
F2:0.3947392290249433,
F2:0.3947392290249433,
E2:0.3947392290249433,
FSHARP2:0.3947392290249433,
FSHARP3:0.3947392290249433,
GSHARP3:0.3947392290249433,
FSHARP2:0.3947392290249433,
D2:0.3947392290249433,
GSHARP3:0.4179591836734694,
GSHARP3:0.37151927437641724,
E2:0.3947392290249433,
D2:0.3947392290249433,
F3:0.3947392290249433,
F3:0.1,
